gid,cid,cname,pwin0,pdraw0,plost0,pwin9,pdraw9,plost9,vwin0,vdraw0,vlost0,vwin9,vdraw9,vlost9,vback0,vback9,vwin0kali,vdraw0kali,vlost0kali,vwin9kali,vdraw9kali,vlost9kali,gplay,gset,gtid,kwin,kwinrq,mplay,mtid,qj,qr,qs,tplay,tweek
240228,293,威廉希尔,1.12,6.00,15.00,1.12,6.00,15.00,79.28,14.80,5.92,79.28,14.80,5.92,88.79,88.79,0.85,0.98,1.13,0.85,0.98,1.13,黎巴嫩,亚选赛,106,3,-1,叙利亚,94,4,0,0,2010-03-03,3
240228,5,澳门,1.11,6.20,18.00,1.15,6.20,11.50,80.60,14.43,4.97,77.79,14.43,7.78,89.47,89.46,0.85,1.01,1.35,0.88,1.01,0.86,黎巴嫩,亚选赛,106,3,-1,叙利亚,94,4,0,0,2010-03-03,3
240228,2,立博,1.20,5.00,11.00,1.20,5.00,11.00,74.12,17.79,8.09,74.12,17.79,8.09,88.95,88.95,0.91,0.82,0.83,0.91,0.82,0.83,黎巴嫩,亚选赛,106,3,-1,叙利亚,94,4,0,0,2010-03-03,3
240228,3,bet365,1.20,6.00,9.00,1.18,6.50,13.00,75.00,15.00,10.00,78.60,14.27,7.13,90.00,92.74,0.91,0.98,0.68,0.90,1.06,0.98,黎巴嫩,亚选赛,106,3,-1,叙利亚,94,4,0,0,2010-03-03,3
240228,4,Interwetten,1.20,5.00,10.00,1.20,5.00,10.00,73.53,17.65,8.82,73.53,17.65,8.82,88.24,88.24,0.91,0.82,0.75,0.91,0.82,0.75,黎巴嫩,亚选赛,106,3,-1,叙利亚,94,4,0,0,2010-03-03,3
240228,280,皇冠,1.24,4.95,8.80,1.17,5.30,12.00,71.87,18.00,10.13,75.86,16.75,7.40,89.12,88.75,0.94,0.81,0.66,0.89,0.86,0.90,黎巴嫩,亚选赛,106,3,-1,叙利亚,94,4,0,0,2010-03-03,3
240228,9,易胜博,1.18,5.95,8.90,1.20,5.50,12.00,75.14,14.90,9.96,75.86,16.55,7.59,88.66,91.03,0.90,0.97,0.67,0.91,0.90,0.90,黎巴嫩,亚选赛,106,3,-1,叙利亚,94,4,0,0,2010-03-03,3
240228,6,伟德,1.22,5.50,10.00,1.18,6.00,12.00,74.41,16.51,9.08,77.22,15.19,7.59,90.79,91.12,0.93,0.90,0.75,0.90,0.98,0.90,黎巴嫩,亚选赛,106,3,-1,叙利亚,94,4,0,0,2010-03-03,3
240228,11,Bwin,1.20,5.35,12.00,1.20,5.35,12.00,75.51,16.94,7.55,75.51,16.94,7.55,90.61,90.61,0.91,0.87,0.90,0.91,0.87,0.90,黎巴嫩,亚选赛,106,3,-1,叙利亚,94,4,0,0,2010-03-03,3
240228,14,Coral,1.16,5.00,15.00,1.16,5.00,15.00,76.37,17.72,5.91,76.37,17.72,5.91,88.59,88.59,0.88,0.82,1.13,0.88,0.82,1.13,黎巴嫩,亚选赛,106,3,-1,叙利亚,94,4,0,0,2010-03-03,3
240228,275,博天堂,1.15,6.50,13.00,1.14,6.50,15.00,79.03,13.98,6.99,79.91,14.02,6.07,90.88,91.10,0.88,1.06,0.98,0.87,1.06,1.13,黎巴嫩,亚选赛,106,3,-1,叙利亚,94,4,0,0,2010-03-03,3
240228,15,Eurobet,1.16,5.00,15.00,1.16,5.00,15.00,76.37,17.72,5.91,76.37,17.72,5.91,88.59,88.59,0.88,0.82,1.13,0.88,0.82,1.13,黎巴嫩,亚选赛,106,3,-1,叙利亚,94,4,0,0,2010-03-03,3
240228,18,必发,1.14,5.00,5.90,1.20,7.00,18.50,70.36,16.04,13.60,80.89,13.87,5.25,80.21,97.06,0.87,0.82,0.44,0.91,1.14,1.39,黎巴嫩,亚选赛,106,3,-1,叙利亚,94,4,0,0,2010-03-03,3
240228,295,金宝博,1.24,4.95,8.80,1.19,5.10,12.00,71.87,18.00,10.13,75.05,17.51,7.44,89.12,89.31,0.94,0.81,0.66,0.91,0.83,0.90,黎巴嫩,亚选赛,106,3,-1,叙利亚,94,4,0,0,2010-03-03,3
240228,122,香港马会,1.11,6.00,18.00,1.11,6.00,18.00,80.21,14.84,4.95,80.21,14.84,4.95,89.04,89.04,0.85,0.98,1.35,0.85,0.98,1.35,黎巴嫩,亚选赛,106,3,-1,叙利亚,94,4,0,0,2010-03-03,3
240228,125,互博,1.22,4.80,8.60,1.18,5.10,10.00,71.63,18.21,10.16,74.11,17.15,8.74,87.39,87.45,0.93,0.78,0.65,0.90,0.83,0.75,黎巴嫩,亚选赛,106,3,-1,叙利亚,94,4,0,0,2010-03-03,3
240228,140,明,1.15,6.50,10.35,1.15,6.50,10.35,77.64,13.74,8.63,77.64,13.74,8.63,89.28,89.28,0.88,1.06,0.78,0.88,1.06,0.78,黎巴嫩,亚选赛,106,3,-1,叙利亚,94,4,0,0,2010-03-03,3
240228,538,沙巴,1.15,6.50,10.35,1.13,6.50,12.32,77.64,13.74,8.63,79.02,13.74,7.25,89.28,89.29,0.88,1.06,0.78,0.86,1.06,0.93,黎巴嫩,亚选赛,106,3,-1,叙利亚,94,4,0,0,2010-03-03,3
240228,16,10BET,1.19,5.33,11.74,1.20,6.32,10.90,75.49,16.85,7.65,76.93,14.61,8.47,89.84,92.31,0.91,0.87,0.88,0.91,1.03,0.82,黎巴嫩,亚选赛,106,3,-1,叙利亚,94,4,0,0,2010-03-03,3
240228,502,12BET,1.15,6.50,10.35,1.15,6.50,10.35,77.64,13.74,8.63,77.64,13.74,8.63,89.28,89.28,0.88,1.06,0.78,0.88,1.06,0.78,黎巴嫩,亚选赛,106,3,-1,叙利亚,94,4,0,0,2010-03-03,3
240228,28,24hPoker,1.18,6.30,13.25,1.15,6.60,17.00,78.35,14.67,6.98,80.52,14.03,5.45,92.45,92.60,0.90,1.03,1.00,0.88,1.08,1.28,黎巴嫩,亚选赛,106,3,-1,叙利亚,94,4,0,0,2010-03-03,3
240228,30,5Dimes,1.22,5.18,9.04,1.19,6.02,12.77,72.97,17.19,9.85,77.47,15.31,7.22,89.02,92.19,0.93,0.85,0.68,0.91,0.98,0.96,黎巴嫩,亚选赛,106,3,-1,叙利亚,94,4,0,0,2010-03-03,3
240228,366,as3388,1.15,5.30,10.00,1.15,5.40,10.00,75.08,16.29,8.63,75.30,16.04,8.66,86.34,86.60,0.88,0.86,0.75,0.88,0.88,0.75,黎巴嫩,亚选赛,106,3,-1,叙利亚,94,4,0,0,2010-03-03,3
240228,472,Astra Sport Bets,1.20,4.30,13.00,1.20,4.30,13.00,72.92,20.35,6.73,72.92,20.35,6.73,87.50,87.50,0.91,0.70,0.98,0.91,0.70,0.98,黎巴嫩,亚选赛,106,3,-1,叙利亚,94,4,0,0,2010-03-03,3
240228,477,Balkan Bet,1.20,4.75,10.00,1.20,4.75,10.00,72.85,18.40,8.74,72.85,18.40,8.74,87.42,87.42,0.91,0.77,0.75,0.91,0.77,0.75,黎巴嫩,亚选赛,106,3,-1,叙利亚,94,4,0,0,2010-03-03,3
240228,41,BET 1128,1.20,5.50,11.00,1.20,5.50,11.00,75.34,16.44,8.22,75.34,16.44,8.22,90.41,90.41,0.91,0.90,0.83,0.91,0.90,0.83,黎巴嫩,亚选赛,106,3,-1,叙利亚,94,4,0,0,2010-03-03,3
240228,350,Bet-at-home,1.20,5.25,10.00,1.20,5.25,10.00,74.15,16.95,8.90,74.15,16.95,8.90,88.98,88.98,0.91,0.86,0.75,0.91,0.86,0.75,黎巴嫩,亚选赛,106,3,-1,叙利亚,94,4,0,0,2010-03-03,3
240228,17,Bet24,1.17,5.60,12.00,1.17,5.60,12.00,76.54,15.99,7.46,76.54,15.99,7.46,89.56,89.56,0.89,0.91,0.90,0.89,0.91,0.90,黎巴嫩,亚选赛,106,3,-1,叙利亚,94,4,0,0,2010-03-03,3
240228,413,Bet3000,1.20,6.00,13.00,1.20,6.00,13.00,77.38,15.48,7.14,77.38,15.48,7.14,92.86,92.86,0.91,0.98,0.98,0.91,0.98,0.98,黎巴嫩,亚选赛,106,3,-1,叙利亚,94,4,0,0,2010-03-03,3
240228,525,Bet7days,1.23,5.50,10.00,1.23,5.50,10.00,74.26,16.61,9.13,74.26,16.61,9.13,91.34,91.34,0.94,0.90,0.75,0.94,0.90,0.75,黎巴嫩,亚选赛,106,3,-1,叙利亚,94,4,0,0,2010-03-03,3
240228,90005,gavg,1.19,5.42,11.14,1.18,5.53,12.05,75.07,16.65,8.28,75.93,16.40,7.66,89.58,89.87,0.91,0.88,0.84,0.90,0.90,0.91,黎巴嫩,亚选赛,106,3,-1,叙利亚,94,4,0,0,2010-03-03,3
240228,90009,gmax,1.25,7.20,18.00,1.23,7.00,18.50,80.60,21.69,13.60,80.89,21.21,10.07,93.82,97.06,0.95,1.17,1.35,0.94,1.14,1.39,黎巴嫩,亚选赛,106,3,-1,叙利亚,94,4,0,0,2010-03-03,3
240228,90001,gmin,1.11,4.10,5.90,1.11,4.10,8.74,69.46,12.90,4.95,71.79,13.49,4.95,80.21,83.56,0.85,0.67,0.44,0.85,0.67,0.66,黎巴嫩,亚选赛,106,3,-1,叙利亚,94,4,0,0,2010-03-03,3
